version https://git-lfs.github.com/spec/v1
oid sha256:4a9104ecfd148de75f1f2188bdc166d326dc20ff1341e91fb27c848a7672cb87
size 597
