version https://git-lfs.github.com/spec/v1
oid sha256:c218ee8e23b2770aab52dfb9ab86ab57b0f5fcdcf5ded985cda1e1651f88719c
size 1117
