version https://git-lfs.github.com/spec/v1
oid sha256:b1d2e16337cc4038ac81e0ddd40e0d866f6c76e6579a0ec9d1a6b94c95d53b11
size 2787
