version https://git-lfs.github.com/spec/v1
oid sha256:b020454f7ce769237cce3700d3f0e09d3c30ff4c0f5a9852f51fc0abcc878aab
size 2742
