version https://git-lfs.github.com/spec/v1
oid sha256:d0192b1e9a3d9ecabeea795ca6abd9aa92176e6d46467db258fdf0993393a72f
size 2405
