version https://git-lfs.github.com/spec/v1
oid sha256:f9202767ebfa4c36c1a7673ac891abf7f19d47846640d6484c39e97cc7fb83a9
size 1405
