version https://git-lfs.github.com/spec/v1
oid sha256:3a3656ae7177080e2dcb6fe70a4fc8e27b6de79580dacc90049ff661f79001ca
size 15809
