version https://git-lfs.github.com/spec/v1
oid sha256:dc3f4b8d9d67b9bb0316c7d23b77c6ed9cc5962c0ecdd67f4e425a054e8d796f
size 22604
