version https://git-lfs.github.com/spec/v1
oid sha256:304645dd8b0f3071642998926fda8ce3250b7dfb11b5c1ad4d1f1507c1cd4784
size 111633
