version https://git-lfs.github.com/spec/v1
oid sha256:764633d9ffb161e2eb9b1eba2dd27bb00620626c9384c3f5ecb90bf1066c0e2c
size 342715
