version https://git-lfs.github.com/spec/v1
oid sha256:d3265b09d7fe4f669224260d7f4c0a0809050e8fcfde7fa24359619f0e1525aa
size 382606
