version https://git-lfs.github.com/spec/v1
oid sha256:dda3509b29db6a0ad0e7eda3d08afd5aa55333dc84d76a1f939521a8d3bbaf0f
size 132176
