version https://git-lfs.github.com/spec/v1
oid sha256:6c693321178466daed738de8d86dc9a7eef5c4640d66beced7e5f8aabc0f823e
size 115962
