version https://git-lfs.github.com/spec/v1
oid sha256:427b94da63a1fdb1b9316fb7a8c5ac4f41677ad54b6bd2f4cbce6a716608f7e2
size 127782
