version https://git-lfs.github.com/spec/v1
oid sha256:92abe2af5db9c153ac0446659e22ff369b53707ade7aa1df225abb56ffc470ad
size 128452
