version https://git-lfs.github.com/spec/v1
oid sha256:16feac2875fc6b57597a2b8bfa12e3371f982b73f03ee451eabc610939d4e14d
size 27050
