version https://git-lfs.github.com/spec/v1
oid sha256:140a1f46e60eaef09911726960ac72c3304eb3a4fe2b0f3042e438ec13bb937b
size 684627
